# DESCRIPTION: Verilator output: Timestamp data for --skip-identical.  Delete at will.
C "-Wall --cc --trace --exe --build --top-module PvuTop -Wno-DECLFILENAME -Wno-PINCONNECTEMPTY -Wno-UNUSEDSIGNAL -Wno-UNOPTFLAT --threads-dpi all -j 16 /home/wuxy/PVU/csrc/main.cpp /home/wuxy/PVU/vsrc/PvuTop.sv"
S    379088 19938374  1736226143    35254192  1736226143    35254192 "/home/wuxy/PVU/vsrc/PvuTop.sv"
S  20938328 28720358  1731558437   830396976  1731558437   830396976 "/usr/local/bin/verilator_bin"
S      3275 28871326  1731558437   882395446  1731558437   882395446 "/usr/local/share/verilator/include/verilated_std.sv"
T      9037 19939204  1736226149   655143400  1736226149   655143400 "obj_dir/VPvuTop.cpp"
T      5546 19939203  1736226149   655143400  1736226149   655143400 "obj_dir/VPvuTop.h"
T      1867 19939222  1736226149   813140755  1736226149   813140755 "obj_dir/VPvuTop.mk"
T     10413 19927489  1736226149   655143400  1736226149   655143400 "obj_dir/VPvuTop_Compressor4to2.h"
T     21598 19927492  1736226149   655143400  1736226149   655143400 "obj_dir/VPvuTop_Compressor4to2_6.h"
T     21483 19927518  1736226149   683142931  1736226149   683142931 "obj_dir/VPvuTop_Compressor4to2_6__DepSet_h3276d08d__0__Slow.cpp"
T   1089694 19927519  1736226149   695142730  1736226149   695142730 "obj_dir/VPvuTop_Compressor4to2_6__DepSet_h6886782c__0.cpp"
T   1163474 19927520  1736226149   700142647  1736226149   700142647 "obj_dir/VPvuTop_Compressor4to2_6__DepSet_h6886782c__1.cpp"
T    984701 19927521  1736226149   705142563  1736226149   705142563 "obj_dir/VPvuTop_Compressor4to2_6__DepSet_h6886782c__2.cpp"
T   1145029 19927522  1736226149   710142479  1736226149   710142479 "obj_dir/VPvuTop_Compressor4to2_6__DepSet_h6886782c__3.cpp"
T    997881 19927523  1736226149   715142396  1736226149   715142396 "obj_dir/VPvuTop_Compressor4to2_6__DepSet_h6886782c__4.cpp"
T   1163474 19927524  1736226149   720142312  1736226149   720142312 "obj_dir/VPvuTop_Compressor4to2_6__DepSet_h6886782c__5.cpp"
T   1030043 19927525  1736226149   725142228  1736226149   725142228 "obj_dir/VPvuTop_Compressor4to2_6__DepSet_h6886782c__6.cpp"
T       713 19927517  1736226149   683142931  1736226149   683142931 "obj_dir/VPvuTop_Compressor4to2_6__Slow.cpp"
T     10237 19927507  1736226149   669143165  1736226149   669143165 "obj_dir/VPvuTop_Compressor4to2__DepSet_h49a2d95a__0__Slow.cpp"
T    834643 19927508  1736226149   675143065  1736226149   675143065 "obj_dir/VPvuTop_Compressor4to2__DepSet_h621f074e__0.cpp"
T    812034 19927515  1736226149   679142998  1736226149   679142998 "obj_dir/VPvuTop_Compressor4to2__DepSet_h621f074e__1.cpp"
T    842090 19927516  1736226149   683142931  1736226149   683142931 "obj_dir/VPvuTop_Compressor4to2__DepSet_h621f074e__2.cpp"
T       695 19927506  1736226149   668143182  1736226149   668143182 "obj_dir/VPvuTop_Compressor4to2__Slow.cpp"
T     14019 19939206  1736226149   655143400  1736226149   655143400 "obj_dir/VPvuTop_Mul.h"
T    148079 19939215  1736226149   668143182  1736226149   668143182 "obj_dir/VPvuTop_Mul__DepSet_h12f5d732__0.cpp"
T    205046 19927593  1736226149   668143182  1736226149   668143182 "obj_dir/VPvuTop_Mul__DepSet_h16f1ba1a__0.cpp"
T     13840 19939214  1736226149   667143199  1736226149   667143199 "obj_dir/VPvuTop_Mul__DepSet_he434566a__0__Slow.cpp"
T       596 19939213  1736226149   667143199  1736226149   667143199 "obj_dir/VPvuTop_Mul__Slow.cpp"
T       548 19939875  1736226149   654143416  1736226149   654143416 "obj_dir/VPvuTop__ConstPool_0.cpp"
T     17392 19939201  1736226149   654143416  1736226149   654143416 "obj_dir/VPvuTop__Syms.cpp"
T      5313 19939202  1736226149   654143416  1736226149   654143416 "obj_dir/VPvuTop__Syms.h"
T   1241021 19939220  1736226149   781141291  1736226149   781141291 "obj_dir/VPvuTop__Trace__0.cpp"
T    678108 19939219  1736226149   731142128  1736226149   731142128 "obj_dir/VPvuTop__Trace__0__Slow.cpp"
T   1166805 19939925  1736226149   788141173  1736226149   788141173 "obj_dir/VPvuTop__Trace__1.cpp"
T   1790991 19939924  1736226149   743141927  1736226149   743141927 "obj_dir/VPvuTop__Trace__1__Slow.cpp"
T   1212562 19926291  1736226149   794141073  1736226149   794141073 "obj_dir/VPvuTop__Trace__2.cpp"
T   1147530 19926289  1736226149   750141809  1736226149   750141809 "obj_dir/VPvuTop__Trace__2__Slow.cpp"
T   1247805 19926292  1736226149   801140956  1736226149   801140956 "obj_dir/VPvuTop__Trace__3.cpp"
T   1191403 19927111  1736226149   757141693  1736226149   757141693 "obj_dir/VPvuTop__Trace__3__Slow.cpp"
T   1218516 19927179  1736226149   808140839  1736226149   808140839 "obj_dir/VPvuTop__Trace__4.cpp"
T   1232450 19927526  1736226149   763141592  1736226149   763141592 "obj_dir/VPvuTop__Trace__4__Slow.cpp"
T    906116 19927529  1736226149   812140772  1736226149   812140772 "obj_dir/VPvuTop__Trace__5.cpp"
T   1204554 19927527  1736226149   770141475  1736226149   770141475 "obj_dir/VPvuTop__Trace__5__Slow.cpp"
T      1890 19927597  1736226149   813140755  1736226149   813140755 "obj_dir/VPvuTop__Trace__6.cpp"
T    890243 19927528  1736226149   775141391  1736226149   775141391 "obj_dir/VPvuTop__Trace__6__Slow.cpp"
T     49765 19939205  1736226149   655143400  1736226149   655143400 "obj_dir/VPvuTop___024root.h"
T    341738 19939211  1736226149   661143299  1736226149   661143299 "obj_dir/VPvuTop___024root__DepSet_h08eac463__0.cpp"
T    110365 19939209  1736226149   656143383  1736226149   656143383 "obj_dir/VPvuTop___024root__DepSet_h08eac463__0__Slow.cpp"
T    895869 19939212  1736226149   665143233  1736226149   665143233 "obj_dir/VPvuTop___024root__DepSet_h6498118e__0.cpp"
T    111941 19939210  1736226149   657143366  1736226149   657143366 "obj_dir/VPvuTop___024root__DepSet_h6498118e__0__Slow.cpp"
T    413065 19925591  1736226149   667143199  1736226149   667143199 "obj_dir/VPvuTop___024root__DepSet_h6498118e__1.cpp"
T       650 19939208  1736226149   655143400  1736226149   655143400 "obj_dir/VPvuTop___024root__Slow.cpp"
T      2172 19925796  1736226149   813140755  1736226149   813140755 "obj_dir/VPvuTop__ver.d"
T         0        0  1736226149   813140755  1736226149   813140755 "obj_dir/VPvuTop__verFiles.dat"
T      2859 19939221  1736226149   813140755  1736226149   813140755 "obj_dir/VPvuTop_classes.mk"
